Cruise	Station	Type	yyyy-mm-ddThh:mm:ss.sss	Longitude [degrees_east]	Latitude [degrees_north]	LOCAL_CDI_ID	EDMO_code	Bot. Depth [m]	Pres_Z [dbar]	QV:SEADATANET	Record_No [Dmnless]	QV:SEADATANET	Atten_red [/m]	QV:SEADATANET	CTDCond [S/m]	QV:SEADATANET	chl-a_water_ISfluor_manufctrcal_sensor1 [mg/m^3]	QV:SEADATANET	chl-a_water_ISfluor_sampcal [mg/m^3]	QV:SEADATANET	WC_dissO2_uncalib [umol/l]	QV:SEADATANET	P_sal_CTD [Dmnless]	QV:SEADATANET	WC_temp_CTD [degC]	QV:SEADATANET
0607S	SC06/07/155	*	2007-04-29T09:46:00.000	-0.83483	60.5003	900612	43	111	    2.00	1	        1	1	  0.528	1	 3.763	1	  0.16	1	  0.41	1	310.1	1	35.316	1	 9.197	1
									    3.00	1	        2	1	  0.515	1	 3.763	1	  0.16	1	  0.38	1	309.6	1	35.315	1	 9.197	1
									    4.00	1	        3	1	  0.511	1	 3.763	1	  0.16	1	  0.41	1	309.8	1	35.314	1	 9.195	1
									    5.00	1	        4	1	  0.506	1	 3.763	1	  0.16	1	  0.42	1	310.0	1	35.314	1	 9.191	1
									    6.00	1	        5	1	  0.513	1	 3.762	1	  0.17	1	  0.43	1	310.1	1	35.315	1	 9.180	1
									    7.00	1	        6	1	  0.512	1	 3.762	1	  0.17	1	  0.52	1	310.2	1	35.314	1	 9.176	1
									    8.00	1	        7	1	  0.506	1	 3.761	1	  0.18	1	  0.53	1	310.4	1	35.315	1	 9.167	1
									    9.00	1	        8	1	  0.528	1	 3.760	1	  0.18	1	  0.54	1	310.4	1	35.315	1	 9.159	1
									   10.00	1	        9	1	  2.103	3	 3.760	1	  0.17	1	  0.50	1	310.4	1	35.314	1	 9.158	1
									   11.00	1	       10	1	  3.006	3	 3.760	1	  0.18	1	  0.56	1	310.3	1	35.315	1	 9.158	1
									   12.00	1	       11	1	 17.615	3	 3.760	1	  0.18	1	  0.54	1	310.4	1	35.315	1	 9.153	1
									   13.00	1	       12	1	 54.129	3	 3.759	1	  0.17	1	  0.51	1	310.3	1	35.315	1	 9.149	1
									   14.00	1	       13	1	 55.262	3	 3.759	1	  0.17	1	  0.51	1	311.3	1	35.315	1	 9.144	1
									   15.00	1	       14	1	 55.262	3	 3.744	1	  0.18	1	  0.57	1	308.6	1	35.312	1	 8.986	1
									   16.00	1	       15	1	 55.262	3	 3.727	1	  0.19	1	  0.66	1	306.2	1	35.309	1	 8.816	1
									   17.00	1	       16	1	 55.262	3	 3.722	1	  0.22	1	  0.96	1	304.2	1	35.309	1	 8.755	1
									   18.00	1	       17	1	 55.262	3	 3.716	1	  0.21	1	  0.91	1	303.1	1	35.306	1	 8.695	1
									   19.00	1	       18	1	 55.262	3	 3.715	1	  0.21	1	  0.88	1	302.4	1	35.306	1	 8.691	1
									   20.00	1	       19	1	 53.075	3	 3.714	1	  0.21	1	  0.89	1	302.6	1	35.302	1	 8.682	1
									   21.00	1	       20	1	 55.284	3	 3.713	1	  0.23	1	  1.04	1	302.0	1	35.302	1	 8.672	1
									   22.00	1	       21	1	 55.262	3	 3.713	1	  0.23	1	  1.10	1	300.7	1	35.302	1	 8.671	1
									   23.00	1	       22	1	 55.262	3	 3.713	1	  0.21	1	  0.91	1	301.1	1	35.302	1	 8.669	1
									   24.00	1	       23	1	 55.262	3	 3.713	1	  0.21	1	  0.89	1	301.6	1	35.302	1	 8.669	1
									   25.00	1	       24	1	 55.262	3	 3.713	1	  0.21	1	  0.91	1	302.2	1	35.303	1	 8.667	1
									   26.00	1	       25	1	 55.262	3	 3.713	1	  0.21	1	  0.88	1	300.5	1	35.303	1	 8.667	1
									   27.00	1	       26	1	 55.262	3	 3.713	1	  0.21	1	  0.92	1	300.1	1	35.303	1	 8.665	1
									   28.00	1	       27	1	 55.262	3	 3.712	1	  0.20	1	  0.82	1	300.7	1	35.303	1	 8.658	1
									   29.00	1	       28	1	 55.262	3	 3.712	1	  0.22	1	  1.01	1	300.5	1	35.302	1	 8.657	1
									   30.00	1	       29	1	 55.262	3	 3.712	1	  0.22	1	  0.97	1	298.4	1	35.302	1	 8.651	1
									   31.00	1	       30	1	 55.262	3	 3.698	1	  0.22	1	  0.97	1	295.9	1	35.301	1	 8.508	1
									   32.00	1	       31	1	 55.262	3	 3.697	1	  0.21	1	  0.84	1	293.8	1	35.300	1	 8.491	1
									   33.00	1	       32	1	 55.262	3	 3.696	1	  0.21	1	  0.89	1	292.2	1	35.300	1	 8.483	1
									   34.00	1	       33	1	 55.262	3	 3.696	1	  0.21	1	  0.86	1	291.2	1	35.300	1	 8.483	1
									   35.00	1	       34	1	 55.262	3	 3.696	1	  0.20	1	  0.80	1	291.2	1	35.301	1	 8.484	1
									   36.00	1	       35	1	 55.262	3	 3.697	1	  0.20	1	  0.76	1	290.8	1	35.302	1	 8.487	1
									   37.00	1	       36	1	 55.262	3	 3.697	1	  0.20	1	  0.73	1	290.4	1	35.303	1	 8.488	1
									   38.00	1	       37	1	 55.262	3	 3.697	1	  0.20	1	  0.79	1	290.2	1	35.304	1	 8.487	1
									   39.00	1	       38	1	 55.262	3	 3.697	1	  0.21	1	  0.88	1	290.0	1	35.304	1	 8.486	1
									   40.00	1	       39	1	 55.262	3	 3.697	1	  0.19	1	  0.65	1	289.9	1	35.304	1	 8.482	1
									   41.00	1	       40	1	 55.262	3	 3.696	1	  0.19	1	  0.65	1	289.6	1	35.304	1	 8.480	1
									   42.00	1	       41	1	 55.262	3	 3.696	1	  0.18	1	  0.61	1	289.6	1	35.304	1	 8.479	1
									   43.00	1	       42	1	 55.262	3	 3.697	1	  0.20	1	  0.82	1	289.6	1	35.304	1	 8.484	1
									   44.00	1	       43	1	 55.262	3	 3.696	1	  0.19	1	  0.69	1	289.6	1	35.304	1	 8.480	1
									   45.00	1	       44	1	 55.262	3	 3.696	1	  0.20	1	  0.78	1	289.4	1	35.303	1	 8.477	1
									   46.00	1	       45	1	 55.262	3	 3.696	1	  0.19	1	  0.71	1	289.2	1	35.303	1	 8.473	1
									   47.00	1	       46	1	 55.262	3	 3.695	1	  0.18	1	  0.58	1	289.0	1	35.303	1	 8.466	1
									   48.00	1	       47	1	 55.262	3	 3.695	1	  0.18	1	  0.59	1	288.6	1	35.302	1	 8.466	1
									   49.00	1	       48	1	 55.262	3	 3.695	1	  0.19	1	  0.62	1	288.7	1	35.302	1	 8.466	1
									   50.00	1	       49	1	 55.262	3	 3.696	1	  0.20	1	  0.81	1	288.8	1	35.304	1	 8.471	1
									   51.00	1	       50	1	 55.262	3	 3.696	1	  0.19	1	  0.68	1	288.7	1	35.304	1	 8.473	1
									   52.00	1	       51	1	 55.262	3	 3.696	1	  0.19	1	  0.64	1	288.7	1	35.305	1	 8.473	1
									   53.00	1	       52	1	 55.262	3	 3.696	1	  0.20	1	  0.80	1	288.8	1	35.305	1	 8.473	1
									   54.00	1	       53	1	 55.262	3	 3.697	1	  0.19	1	  0.64	1	288.8	1	35.305	1	 8.474	1
									   55.00	1	       54	1	 55.262	3	 3.696	1	  0.20	1	  0.73	1	288.7	1	35.305	1	 8.471	1
									   56.00	1	       55	1	 55.262	3	 3.696	1	  0.20	1	  0.80	1	288.6	1	35.305	1	 8.468	1
									   57.00	1	       56	1	 55.262	3	 3.696	1	  0.21	1	  0.86	1	288.5	1	35.305	1	 8.466	1
									   58.00	1	       57	1	 55.262	3	 3.696	1	  0.19	1	  0.63	1	288.4	1	35.305	1	 8.464	1
									   59.00	1	       58	1	 55.262	3	 3.696	1	  0.19	1	  0.66	1	288.2	1	35.304	1	 8.463	1
									   60.00	1	       59	1	 55.262	3	 3.696	1	  0.18	1	  0.60	1	288.1	1	35.304	1	 8.462	1
									   61.00	1	       60	1	 55.262	3	 3.696	1	  0.19	1	  0.65	1	287.9	1	35.305	1	 8.462	1
									   62.00	1	       61	1	 55.262	3	 3.696	1	  0.18	1	  0.61	1	287.6	1	35.306	1	 8.459	1
									   63.00	1	       62	1	 55.262	3	 3.695	1	  0.19	1	  0.72	1	287.0	1	35.305	1	 8.454	1
									   64.00	1	       63	1	 55.262	3	 3.695	1	  0.19	1	  0.72	1	286.5	1	35.305	1	 8.449	1
									   65.00	1	       64	1	 55.262	3	 3.695	1	  0.25	1	  1.30	1	286.2	1	35.305	1	 8.447	1
									   66.00	1	       65	1	 55.262	3	 3.695	1	  0.21	1	  0.86	1	285.9	1	35.305	1	 8.447	1
									   67.00	1	       66	1	 55.262	3	 3.695	1	  0.23	1	  1.07	1	285.7	1	35.305	1	 8.447	1
									   68.00	1	       67	1	 55.262	3	 3.695	1	  0.22	1	  0.99	1	285.6	1	35.305	1	 8.447	1
									   69.00	1	       68	1	 55.262	3	 3.695	1	  0.23	1	  1.06	1	285.6	1	35.305	1	 8.447	1
									   70.00	1	       69	1	 55.262	3	 3.695	1	  0.24	1	  1.14	1	285.5	1	35.305	1	 8.446	1
									   71.00	1	       70	1	 55.262	3	 3.695	1	  0.22	1	  0.96	1	285.3	1	35.306	1	 8.445	1
									   72.00	1	       71	1	 55.262	3	 3.695	1	  0.21	1	  0.87	1	285.2	1	35.306	1	 8.445	1
									   73.00	1	       72	1	 55.262	3	 3.695	1	  0.23	1	  1.04	1	285.1	1	35.305	1	 8.445	1
									   74.00	1	       73	1	 55.262	3	 3.695	1	  0.21	1	  0.86	1	285.0	1	35.305	1	 8.444	1
									   75.00	1	       74	1	 55.262	3	 3.695	1	  0.24	1	  1.17	1	284.8	1	35.305	1	 8.444	1
									   76.00	1	       75	1	 55.262	3	 3.695	1	  0.22	1	  1.02	1	284.8	1	35.305	1	 8.444	1
									   77.00	1	       76	1	 55.262	3	 3.695	1	  0.21	1	  0.92	1	284.6	1	35.305	1	 8.444	1
									   78.00	1	       77	1	 55.262	3	 3.695	1	  0.22	1	  1.01	1	284.5	1	35.305	1	 8.443	1
									   79.00	1	       78	1	 55.262	3	 3.695	1	  0.24	1	  1.13	1	284.6	1	35.305	1	 8.442	1
									   80.00	1	       79	1	 55.262	3	 3.695	1	  0.25	1	  1.30	1	284.6	1	35.305	1	 8.441	1
									   81.00	1	       80	1	 55.262	3	 3.695	1	  0.25	1	  1.27	1	284.6	1	35.305	1	 8.440	1
									   82.00	1	       81	1	 55.262	3	 3.695	1	  0.21	1	  0.88	1	284.5	1	35.305	1	 8.440	1
									   83.00	1	       82	1	 55.262	3	 3.695	1	  0.21	1	  0.92	1	284.5	1	35.305	1	 8.440	1
									   84.00	1	       83	1	 55.262	3	 3.695	1	  0.23	1	  1.04	1	284.6	1	35.305	1	 8.440	1
									   85.00	1	       84	1	 55.262	3	 3.695	1	  0.23	1	  1.04	1	284.7	1	35.305	1	 8.440	1
									   86.00	1	       85	1	 55.262	3	 3.695	1	  0.22	1	  0.94	1	284.6	1	35.304	1	 8.440	1
									   87.00	1	       86	1	 55.262	3	 3.695	1	  0.21	1	  0.86	1	284.5	1	35.305	1	 8.439	1
									   88.00	1	       87	1	 55.262	3	 3.695	1	  0.21	1	  0.92	1	284.5	1	35.306	1	 8.438	1
									   89.00	1	       88	1	 55.262	3	 3.695	1	  0.21	1	  0.85	1	284.5	1	35.306	1	 8.437	1
									   90.00	1	       89	1	 55.262	3	 3.695	1	  0.21	1	  0.89	1	284.4	1	35.306	1	 8.437	1
									   91.00	1	       90	1	 55.262	3	 3.695	1	  0.23	1	  1.11	1	284.4	1	35.305	1	 8.437	1
									   92.00	1	       91	1	 55.262	3	 3.695	1	  0.26	1	  1.34	1	284.3	1	35.306	1	 8.436	1
									   93.00	1	       92	1	 55.262	3	 3.695	1	  0.24	1	  1.23	1	284.2	1	35.306	1	 8.435	1
									   94.00	1	       93	1	 55.262	3	 3.695	1	  0.25	1	  1.28	1	284.3	1	35.305	1	 8.435	1
									   95.00	1	       94	1	 55.262	3	 3.695	1	  0.23	1	  1.11	1	284.2	1	35.305	1	 8.434	1
									   96.00	1	       95	1	 55.262	3	 3.695	1	  0.23	1	  1.05	1	284.2	1	35.305	1	 8.433	1
									   97.00	1	       96	1	 55.262	3	 3.695	1	  0.25	1	  1.26	1	284.1	1	35.305	1	 8.432	1
									   98.00	1	       97	1	 55.262	3	 3.695	1	  0.24	1	  1.17	1	284.1	1	35.306	1	 8.431	1
									   99.00	1	       98	1	 55.262	3	 3.695	1	  0.25	1	  1.31	1	284.1	1	35.305	1	 8.431	1
									  100.00	1	       99	1	 55.262	3	 3.695	1	  0.23	1	  1.10	1	283.9	1	35.306	1	 8.430	1
									  101.00	1	      100	1	 55.262	3	 3.695	1	  0.23	1	  1.13	1	283.7	1	35.305	1	 8.430	1
									  102.00	1	      101	1	 55.262	3	 3.695	1	  0.23	1	  1.04	1	283.5	1	35.306	1	 8.430	1
									  103.00	1	      102	1	 55.262	3	 3.695	1	  0.25	1	  1.27	1	283.3	1	35.307	1	 8.431	1
									  104.00	1	      103	1	 55.262	3	 3.695	1	  0.25	1	  1.31	1	283.2	1	35.308	1	 8.435	1
									  105.00	1	      104	1	 55.262	3	 3.696	1	  0.24	1	  1.18	1	282.9	1	35.309	1	 8.440	1
									  106.00	1	      105	1	 55.262	3	 3.697	1	  0.25	1	  1.25	1	282.5	1	35.311	1	 8.444	1
									  107.00	1	      106	1	 55.262	3	 3.697	1	  0.27	1	  1.51	1	282.0	1	35.312	1	 8.446	1
									  108.00	1	      107	1	 55.262	3	 3.697	1	  0.26	1	  1.42	1	281.6	1	35.312	1	 8.443	1
									  109.00	1	      108	1	 55.262	3	 3.696	1	  0.40	1	  2.84	1	282.7	1	35.311	1	 8.439	1
